HYPOTHESIS FAMILY: ca1_reactive_hotspot_oligodendrocyte_depletion
BEST VARIATION: candidate_variant_b
  IS partial r:      0.3976
  Selection score:   0.3976
  LOO predictive r:  0.2580  (diagnostic)
  IS-LOO Gap:        0.1396  (penalty=0.0000)
  Adjusted Score:    0.2580

RANKED VARIATIONS:
  variation_name  partial_r  selection_score  loo_predictive_r
  candidate_variant_b  0.3976  0.3976  0.2580
  candidate_variant_a  0.3296  0.3296  0.2348

PER-DONOR (LOO):
  donor_id   outcome  predicted  ca1_reactive_hotspot_oligodendrocyte_depletion__candidate_variant_b  candidate_variant_b__n_reactive_centers  candidate_variant_b__n_astro_centers  candidate_variant_b__reactive_median_oligo_neighbors_r70  candidate_variant_b__astro_median_oligo_neighbors_r70
H19.33.004 -0.058769  -0.052431                                                                  1.0                                        1                                    40                                                       1.0                                                    0.0
H20.33.008 -0.120506  -0.129368                                                                 -1.0                                      620                                    10                                                       0.0                                                    1.0
H20.33.013 -0.031742  -0.103628                                                                 -1.0                                      678                                    36                                                       0.0                                                    1.0
H20.33.018 -0.304214  -0.129990                                                                 -5.0                                       36                                     1                                                       1.0                                                    6.0
H20.33.024 -0.010335  -0.093824                                                                 -1.0                                      745                                    19                                                       1.0                                                    2.0
H20.33.025 -0.072310  -0.089783                                                                  0.5                                        8                                    10                                                       1.5                                                    1.0
H20.33.027 -0.112593  -0.110889                                                                  0.0                                        1                                    11                                                       2.0                                                    2.0
H20.33.029 -0.094810  -0.130740                                                                 -1.0                                        1                                   112                                                       0.0                                                    1.0
H20.33.030 -0.168042  -0.115565                                                                  1.0                                        3                                   496                                                       1.0                                                    0.0
H20.33.034 -0.052201  -0.082946                                                                 -1.0                                      251                                    15                                                       0.0                                                    1.0
H20.33.037 -0.250804  -0.192083                                                                 -6.0                                      895                                     2                                                       1.0                                                    7.0
H20.33.038 -0.237209  -0.116760                                                                  0.5                                       10                                   241                                                       1.5                                                    1.0
H20.33.040 -0.102634  -0.121510                                                                 -1.0                                        6                                    43                                                       1.0                                                    2.0
H20.33.041 -0.107902  -0.115530                                                                  0.0                                      547                                     6                                                       0.0                                                    0.0
H20.33.043 -0.059960  -0.069184                                                                 -0.5                                        6                                   225                                                       0.5                                                    1.0
H20.33.044 -0.054459  -0.079999                                                                 -2.0                                      371                                    15                                                       1.0                                                    3.0
H20.33.046 -0.201711  -0.102656                                                                  0.0                                      482                                     1                                                       1.0                                                    1.0
H21.33.001 -0.081578   0.021268                                                                  2.0                                        7                                    20                                                       3.0                                                    1.0
H21.33.004 -0.119825  -0.067058                                                                 -4.5                                      818                                    18                                                       0.0                                                    4.5
H21.33.006 -0.053967  -0.068872                                                                  0.0                                        7                                   236                                                       1.0                                                    1.0
H21.33.007 -0.097514  -0.163914                                                                 -2.0                                      803                                     5                                                       1.0                                                    3.0
H21.33.012 -0.100924  -0.143869                                                                 -4.0                                      314                                     1                                                       0.0                                                    4.0
H21.33.013 -0.161261  -0.097002                                                                  1.0                                        1                                    11                                                       2.0                                                    1.0
H21.33.018 -0.144019  -0.083563                                                                  0.0                                      345                                    38                                                       0.0                                                    0.0
H21.33.021 -0.098358  -0.117955                                                                 -3.0                                      839                                     1                                                       1.0                                                    4.0
H21.33.023 -0.154629  -0.012017                                                                  0.0                                      449                                    10                                                       0.0                                                    0.0
H21.33.025 -0.042285  -0.129697                                                                 -1.5                                      818                                    12                                                       1.0                                                    2.5
H21.33.033 -0.046636  -0.118543                                                                  0.0                                      339                                    29                                                       1.0                                                    1.0
H21.33.035 -0.049824  -0.118383                                                                  1.0                                      318                                   190                                                       1.0                                                    0.0
H21.33.037 -0.088135  -0.049580                                                                  1.0                                       13                                   687                                                       1.0                                                    0.0
H21.33.038 -0.051828  -0.072454                                                                 -1.0                                      988                                    30                                                       0.0                                                    1.0
H21.33.040 -0.032794  -0.133031                                                                  0.0                                      339                                    14                                                       1.0                                                    1.0
H21.33.043 -0.072355  -0.088304                                                                 -1.0                                       15                                   209                                                       1.0                                                    2.0
H21.33.044 -0.099128  -0.134826                                                                  1.0                                       15                                    27                                                       2.0                                                    1.0
H21.33.046 -0.161623  -0.152965                                                                 -5.0                                        8                                     6                                                       0.0                                                    5.0
